12:51
3636
24/7
56
442
22
15
69
#3
20:17
#1
2176
# 1
777
11.55
蜚蜚
1984
彳亍
2084
怯
2030
830
悶
17
17
11:23
03'
2021
20202020
420
7+11=18
32-18
2002
34+35
2002
23
1990
1984
308
1993
1992.
200001
96:01 01:00
911
11.55
911
18
18
20:25
365
85%
1999
365
911
85%
26
26
#3
743
18
2017
11:11
22
19
22
1+1
5711
0.6
1.5.7
2020
556
505
2516
$10
12:51
7
98.
25
1969
2018
365
2009
123
216
2049
13
225
16-10
623
2015
2009
512
45
45
1%
1994
333
1991
1999
1976
295
2002
2002
365
85%
1979
165 303
0
911
1950
505
911
197666
666
1234
38
77
95
80
83
87
96
86
1913
97
94
679
679
23
123
866
24/7
△
→
679
679
'74-'75
“16”
“16”
'74-'75
12:25
134340
2! 3!
nan
1 2 3
911
1, 2, 3
1, 2, 3
1, 2, 3
1, 2, 3
1, 2, 3
1, 2, 3
1, 2, 3
1, 2, 3
1, 2, 3
4:22
4:22
911
4:22
4:22
12:30
0.03
01000001 01011010 01010010 01000001 00001010
512
1984
1-800-273-8255
2012
484
54
8000
1825
210409.1
93
112
134340
295
2002
911
20_20
911
4 + 20
18
1, 2, 3, 4
1985
18
1, 2, 3, 4
1985
2055
2055
???%
20/20
93
911
4:22
12:30
911
4:22
12:30
505
“16”
11:11
30/90
18
14
2009
1%
18
14
2009
17
000000
17
69
205
360
14:08
360
+
$100
368
2020
365
029
54
11:11
1969
22
1500
8:15
9
