0
#10
55
4
55
55
2020
2020
&
2012
1996
2012
1/1
1996
4
1755
ÞÞÞÞÞÞÞÞÞÞÞ
770
2%
.155
20
2001 - 2003
20
25
21
25
21
25
30
21
25
30
25
19
30
30
25
21
21
25
21
30
30
25
21
25
19
30
30
30
21
30
25
25
21
19
19
21
21
19
19
19
19
19
19
2084
8
17
444
4201
2012
911
20202020
911
911
420
9
7
10
10
10
438
10
1984
3750
3750
9
9
003
004
+8138
1992
001
-998
20/20
50
3
2
2
2
2
01953
18
01953
01953
18
01953
7
365
2
7
365
26
18
2030
2030
743
17
17
17
17
?
?
?
?
?
?
17
?
17
17
?
?
?
17
?
?
?
?
12
?
?
2017
22
50-50
1920
000$
2001
2001
2001
20/20
2001
01 * 777 *
2020
556
98.
666
365
2009
3062
21
2826
2826
18
1996
1974
1979-1982
00020225
15
15
15
15
20/20
2
2
2
3
3
2020
13
5150
7
7
?
17
?
?
17
?
17
2001
29 - 49 - 43
1001
365
1979
88
165 303
28
0
0
88
0
3:16
1950
2
99%
3
3
1023
2077
20.30
20.30
10
10
438
10
23
438
31313
31313
31313
31313
23
20/20
4
20/20
1+1=1
[&]
nan
4:22
4:22
12:30
11:11
54+1
11:11
898
嗯
呸
1019
3
01000001 01011010 01010010 01000001 00001010
1984
3750
3750
1-800-273-8255
22
7
54
22
1977
22
1989
1825
1977
7
9
"4"
10:39
"4"
10:39
5
#1
100%
112
2,3,4
2,3,4
=
1989
911
13
1962-1963
6 6 6
666
10
11: 11
11: 11
20:20
20:20
2055
25
???%
20/20
"4"
12:30
11:11
12:30
11:11
54+1
11:11
82
10&2
3.0
1
1
40
40
3.0
40
40
18
2009
25
96 - 05
96 - 05
10
2
2
96 - 05
18
2009
25
21
21
21
30
30
25
25
25
25
17
25
19
20/20
19
30
25
30
21
21
21
30
25
30
30
25
30
14:08
360
3
+
2.0
7
8
100%
99
#8
1995-2000
100%
23:55
505
505
505
13
505
13
#1
13
13
3
13
13
7
2010-2015
7
2010-2015
1938-1942
2010-2015
2010-2015
2010-2015
2010-2015
365
22
029
7
54
1986
11:11
14
20
99%
14
5
5
#1
5
666
666
08-13
12-15
100
666
9
110
100
12
666
666
1500
12-15
110
08-13
999
100
